19
94
99
08
95
98
82
76
39
82
33
95
69
0
1
66
16
13
8
14
34
50
90
67
11
12
544
93
30
53
06
93
8
19
8
20
08
13
4
85
5
36
60
34
69
67
80
09
13
7
00
80
85
12
65
33
17
07
76
04
86
06
28
00
75
33
17
38
84
27
62
18
57
53
03
62
0
7
00
2
3
51
53
39
60
10
74
72
08
98
16
60
03
36
23
91
10
7
0
28
14
96
95
33
73
80
82
51
62
75
84
78
24
20
22
12
39
06
93
88
29
50
544
18
87
39
02
26
9
08
84
22
87
55
57
58
02
544
36
94
57
91
72
78
57
34
92
10
31
76
90
38
4
67
71
61
0
01
58
76
09
94
86
74
20
20
31
96
38
96
26
26
80
28
66
35
90
87
90
24
02
77
89
68
85
67
8
56
64
77
25
33
25
59
61
97
1
05
13
76
22
06
94
72
26
13
97
39
71
04
35
3
36
54
37
20
18
89
95
01
69
95
60
76
60
07
52
31
22
32
79
91
29
0
8
99
81
04
08
94
95
544
70
83
88
36
80
65
68
55
61
23
82
98
1
35
85
86
29
76
34
2
4
98
71
24
39
60
85
37
15
90
62
54
56
53
56
36
32
04
00
10
8
7
67
544
99
08
09
55
7
06
71
97
86
17
6
53
88
60

