75
50
55
64
51
54
48
32
95
48
99
51
25
6
7
22
72
79
4
70
90
16
56
23
77
78
100
59
96
19
62
59
4
75
4
86
64
79
0
41
1
92
26
90
25
23
46
65
79
3
66
46
41
78
21
99
73
63
32
60
42
62
84
66
31
99
73
94
40
83
28
74
13
19
69
28
6
3
66
8
9
17
19
95
26
76
30
38
64
54
72
26
69
92
89
57
76
3
6
84
70
52
51
99
39
46
48
17
28
31
40
34
80
86
88
78
95
62
59
44
85
16
100
74
43
95
68
82
5
64
40
88
43
11
13
14
68
100
92
50
13
57
38
34
13
90
58
76
97
32
56
94
0
23
37
27
6
67
14
32
65
50
42
30
86
86
97
52
94
52
82
82
46
84
22
91
56
43
56
80
68
33
45
24
41
23
4
12
20
33
81
99
81
15
27
53
7
61
79
32
88
62
50
38
82
79
53
95
37
60
91
9
92
10
93
86
74
45
51
67
25
51
26
32
26
63
18
97
88
98
35
57
85
6
4
55
47
60
64
50
51
100
36
49
44
92
46
21
24
11
27
89
48
54
7
91
41
42
85
32
90
8
0
54
37
80
95
26
41
93
71
56
28
10
12
19
12
92
98
60
66
76
4
3
23
100
55
64
65
11
3
62
37
53
42
73
2
19
44
26
